mu =

    0.2071
   -2.2668


Pi =

    0.7719    0.2281


sigma =

    0.4155
   92.1834


KL =

         0         0
    0.0308         0


ans =

         0         0
    0.0308         0