mu =

   -2.8118
    0.2796


Pi =

    0.2304    0.7696


sigma =

   81.0494
    0.4168


KL =

         0         0
    0.0496         0


ans =

         0         0
    0.0496         0